0.028421 938
0.172588 6
0.000147 29
0.000705 563
0.000128 177
0.001902 953
0.000135 7
0.000876 12
0.000141 8
2.058280 19
0.174300 30
0.160844 41
0.123306 44
0.427006 7
0.001789 6
0.000097 126
0.000167 3
0.000631 18
0.001704 36
0.057589 43
0.036779 118
0.001685 71
0.006034 953
0.000028 7
0.000983 8
1.007333 11
0.110857 31
0.979524 35
1.290104 7
0.003010 6
0.000012 125
0.000203 3
0.000537 16
0.001124 268
3.725966 1
0.342203 72
0.000086 167
2.207033 140
0.000083 41
4.302639 65
0.000098 24
0.006863 59
3.089123 140
0.000091 41
1.852975 140
0.000099 41
1.502901 91
0.000013 49
0.000029 41
2.282770 140
0.000145 41
1.888908 174
7.529172 34
5.028864 91
0.000007 49
0.000136 41
15.709638 83
0.017215 60
7.654879 34
9.909944 87
0.013288 60
3.802839 34
2.768859 34
4.088068 34
8.020949 34
25.072960 2
0.000029 41
0.000452 118
0.003059 71
0.009096 1092
0.000135 7
0.001238 8
1.687021 11
